{"episode_id": 0, "episode_seed": 42, "robot": "franka_fr3", "task_id": "place_blue_right_of_red", "instruction": "把蓝色方块放在红色方块右边", "scene": "/home/ezrayang/projects/vgarm/examples/basic_scene.json", "program_version": "0.2.0", "started_at": "2026-07-23T09:49:41.859707+00:00", "duration_seconds": 11.091376673000013, "object_positions": {"cube_red": [0.558365607907473, -0.12849935468663998, 0.03], "cube_yellow": [0.5865017591021471, 0.08339264428892937, 0.03], "cube_blue": [0.46418827284984077, 0.010601969245374675, 0.03]}, "initial_object_positions": {"cube_red": [0.5583659999958483, -0.1284990000001429], "cube_yellow": [0.5865019999958386, 0.08339260000004914], "cube_blue": [0.46418799999691374, 0.010602000003179037]}, "planned_target_position": [0.5583659999958483, -0.2784990000001429, 0.044], "original_target_position": [0.5583659999958483, -0.2784990000001429], "transport_waypoints": [[0.5554907299139339, -2.394794846136373e-05, 0.6205821174470505], [0.46418799999834626, 0.010602000001703468, 0.6205821174470505], [0.46418799999834626, 0.010602000001703468, 0.09926133134156158], [0.46418799999834626, 0.010602000001703468, 0.03926133134156158], [0.46621479792091214, 0.010606140208394834, 0.25], [0.5583659999958483, -0.2784990000001429, 0.25], [0.5583659999958483, -0.2784990000001429, 0.104], [0.5583659999958483, -0.2784990000001429, 0.044]], "final_object_positions": {"cube_red": [0.5583659999942464, -0.12849900000019787], "cube_yellow": [0.5865019999942327, 0.083392600000068], "cube_blue": [0.5589588068401486, -0.27837136770148074]}, "held_object": null, "obstacle_objects": [], "path_diagnostics": {"direct_path_clear": false, "target_region_clear": true, "minimum_clearance": 0.1099996453135029, "required_clearance": 0.005}, "collision_diagnostics": null, "grasp_diagnostics": [{"robot": "franka_fr3", "robot_model_path": "/home/ezrayang/projects/vgarm/third_party/mujoco_menagerie/franka_fr3/fr3.xml", "attachment_site_name": "attachment_site", "object_grab_site_name": "cube_blue_grab", "target_tcp_position": [0.46418799999546007, 0.010602000004676431, 0.03989224457978381], "actual_tcp_position": [0.4653894215891242, 0.010600432468590592, 0.043550790190224314], "position_error_vector": [-0.0012014215936641537, 1.5675360858398435e-06, -0.003658545610440503], "position_error_norm": 0.003850762559099868, "target_orientation": [[0.7071526122936591, 0.7070158219946349, -0.007988139677127044], [0.7070371079590106, -0.7071764126476425, -0.000222179580420766], [-0.005806108439280621, -0.005490796304595686, -0.9999680696205899]], "actual_orientation": [[0.7070972383667383, 0.7070021408095004, -0.01270702108732462], [0.7070572143100773, -0.7071563097345773, -0.00022202397700247112], [-0.009142821566883728, -0.008827598391193514, -0.9999192378989606]], "orientation_error": 0.004719213007696897, "joint_positions": [0.022419457409274476, 0.6798275630256685, 0.00020963121654363375, -2.3734106441737315, -0.0006622108944435808, 3.040529037727111, -0.7620869254529917], "joint_limits": [[-2.7437, 2.7437], [-1.7837, 1.7837], [-2.9007, 2.9007], [-3.0421, -0.1518], [-2.8065, 2.8065], [0.5445, 4.5169], [-3.0159, 3.0159]], "at_joint_limit": false, "ik_iterations": 3, "ik_stopping_reason": "converged", "position_task_weight": 1.0, "orientation_task_weight": 0.35, "damping": 0.04}], "object_geometry": {"cube_red": {"geom_type": "box", "size_xyz": [0.02, 0.02, 0.02], "footprint_half_extents": [0.02, 0.02]}, "cube_yellow": {"geom_type": "box", "size_xyz": [0.02, 0.02, 0.02], "footprint_half_extents": [0.02, 0.02]}, "cube_blue": {"geom_type": "box", "size_xyz": [0.02, 0.02, 0.02], "footprint_half_extents": [0.02, 0.02]}}, "parse_success": true, "pick_attempted": true, "pick_success": true, "place_attempted": true, "place_success": true, "task_success": true, "failure_stage": null, "failure_reason": null, "failure_category": null, "verification": {"predicate": "right_of", "passed": true, "measured_value": 0.14987236770128287, "required_margin": 0.05, "details": {}}, "traceback": null}
{"episode_id": 1, "episode_seed": 43, "robot": "franka_fr3", "task_id": "move_blue_right", "instruction": "把蓝色方块移到右边", "scene": "/home/ezrayang/projects/vgarm/examples/basic_scene.json", "program_version": "0.2.0", "started_at": "2026-07-23T09:49:52.951624+00:00", "duration_seconds": 10.59569362100001, "object_positions": {"cube_red": [0.5223131103602429, -0.08822654064177685, 0.03], "cube_yellow": [0.5786359932837216, 0.09775193528974525, 0.03], "cube_blue": [0.46029880584706606, 0.017577076299317658, 0.03]}, "initial_object_positions": {"cube_red": [0.5223129999958386, -0.08822649999995082], "cube_yellow": [0.5786359999958387, 0.09775190000004917], "cube_blue": [0.4602989999968983, 0.01757710000310298]}, "planned_target_position": [0.55, -0.15, 0.044], "original_target_position": [0.55, -0.15], "transport_waypoints": [[0.5554907299139339, -2.394794846136373e-05, 0.6205821174470505], [0.4602989999983379, 0.017577100001662727, 0.6205821174470505], [0.4602989999983379, 0.017577100001662727, 0.09926133134156159], [0.4602989999983379, 0.017577100001662727, 0.03926133134156159], [0.46235091788356086, 0.017583235153001704, 0.25], [0.55, -0.15, 0.25], [0.55, -0.15, 0.104], [0.55, -0.15, 0.044]], "final_object_positions": {"cube_red": [0.5223129999942326, -0.08822649999993196], "cube_yellow": [0.5786359999942328, 0.09775190000006803], "cube_blue": [0.5508956162202958, -0.14982580934537754]}, "held_object": null, "obstacle_objects": [], "path_diagnostics": {"direct_path_clear": false, "target_region_clear": true, "minimum_clearance": 0.021773459358223148, "required_clearance": 0.005}, "collision_diagnostics": null, "grasp_diagnostics": [{"robot": "franka_fr3", "robot_model_path": "/home/ezrayang/projects/vgarm/third_party/mujoco_menagerie/franka_fr3/fr3.xml", "attachment_site_name": "attachment_site", "object_grab_site_name": "cube_blue_grab", "target_tcp_position": [0.4602989999954376, 0.017577100004564528, 0.03989224457978381], "actual_tcp_position": [0.4615167101678201, 0.01757742961003405, 0.043539700195025025], "position_error_vector": [-0.0012177101723824801, -3.2960546952204295e-07, -0.003647455615241213], "position_error_norm": 0.003845354422900208, "target_orientation": [[0.7071526122936591, 0.7070158219946349, -0.007988139677127044], [0.7070371079590106, -0.7071764126476425, -0.000222179580420766], [-0.005806108439280621, -0.005490796304595686, -0.9999680696205899]], "actual_orientation": [[0.707079244807482, 0.7070194794696688, -0.012743516505164712], [0.7070748769846212, -0.7071386490894681, -0.0002220385158339562], [-0.009168418601998667, -0.008853621539146792, -0.9999187734441123]], "orientation_error": 0.004755930773206897, "joint_positions": [0.03734916965816302, 0.6763884817899907, 0.0005152628910995008, -2.3848001851524314, -0.0006819789075839655, 3.0484454185548273, -0.746922011206622], "joint_limits": [[-2.7437, 2.7437], [-1.7837, 1.7837], [-2.9007, 2.9007], [-3.0421, -0.1518], [-2.8065, 2.8065], [0.5445, 4.5169], [-3.0159, 3.0159]], "at_joint_limit": false, "ik_iterations": 3, "ik_stopping_reason": "converged", "position_task_weight": 1.0, "orientation_task_weight": 0.35, "damping": 0.04}], "object_geometry": {"cube_red": {"geom_type": "box", "size_xyz": [0.02, 0.02, 0.02], "footprint_half_extents": [0.02, 0.02]}, "cube_yellow": {"geom_type": "box", "size_xyz": [0.02, 0.02, 0.02], "footprint_half_extents": [0.02, 0.02]}, "cube_blue": {"geom_type": "box", "size_xyz": [0.02, 0.02, 0.02], "footprint_half_extents": [0.02, 0.02]}}, "parse_success": true, "pick_attempted": true, "pick_success": true, "place_attempted": true, "place_success": true, "task_success": true, "failure_stage": null, "failure_reason": null, "failure_category": null, "verification": {"predicate": "right_of", "passed": true, "measured_value": 0.14982580934537754, "required_margin": 0.05, "details": {}}, "traceback": null}
{"episode_id": 2, "episode_seed": 44, "robot": "franka_fr3", "task_id": "place_red_left_of_blue", "instruction": "把红色方块放在蓝色方块左边", "scene": "/home/ezrayang/projects/vgarm/examples/basic_scene.json", "program_version": "0.2.0", "started_at": "2026-07-23T09:50:03.547905+00:00", "duration_seconds": 10.70132142500006, "object_positions": {"cube_red": [0.5445121527552697, -0.09748167945372424, 0.03], "cube_yellow": [0.6217221969887564, 0.08059993865172664, 0.03], "cube_blue": [0.4335095712346888, -0.028254164803913333, 0.03]}, "initial_object_positions": {"cube_red": [0.5445119999958387, -0.09748169999995084], "cube_yellow": [0.6217219999958387, 0.08059990000004914], "cube_blue": [0.43350999999689793, -0.028254199996897045]}, "planned_target_position": [0.43350999999689793, 0.12174580000310295, 0.044], "original_target_position": [0.43350999999689793, 0.12174580000310295], "transport_waypoints": [[0.5554907299139339, -2.394794846136373e-05, 0.6205821174470505], [0.5445119999974299, -0.09748169999996961, 0.6205821174470505], [0.5445119999974299, -0.09748169999996961, 0.09926133134156158], [0.5445119999974299, -0.09748169999996961, 0.03926133134156158], [0.5459181606610941, -0.0974231127457665, 0.25], [0.43350999999689793, 0.12174580000310295, 0.25], [0.43350999999689793, 0.12174580000310295, 0.104], [0.43350999999689793, 0.12174580000310295, 0.044]], "final_object_positions": {"cube_red": [0.4350838563604385, 0.12168337900543857], "cube_yellow": [0.6217219999942327, 0.080599900000068], "cube_blue": [0.43350999999543716, -0.02825419999543551]}, "held_object": null, "obstacle_objects": [], "path_diagnostics": {"direct_path_clear": true, "target_region_clear": true, "minimum_clearance": 0.10999996480701627, "required_clearance": 0.005}, "collision_diagnostics": null, "grasp_diagnostics": [{"robot": "franka_fr3", "robot_model_path": "/home/ezrayang/projects/vgarm/third_party/mujoco_menagerie/franka_fr3/fr3.xml", "attachment_site_name": "attachment_site", "object_grab_site_name": "cube_red_grab", "target_tcp_position": [0.5445119999942327, -0.09748169999993198, 0.03989224457978381], "actual_tcp_position": [0.5453181074553106, -0.09746056985998475, 0.04363761653295421], "position_error_vector": [-0.0008061074610778984, -2.1130139947228566e-05, -0.003745371953170401], "position_error_norm": 0.0038311965218734353, "target_orientation": [[0.7071526122936591, 0.7070158219946349, -0.007988139677127044], [0.7070371079590106, -0.7071764126476425, -0.000222179580420766], [-0.005806108439280621, -0.005490796304595686, -0.9999680696205899]], "actual_orientation": [[0.7073710582919619, 0.7067410711117886, -0.01196847085762482], [0.7067899335541078, -0.7074234568440811, -0.00020623614703070385], [-0.008612532582693053, -0.008313309240621765, -0.9999283540194168]], "orientation_error": 0.003995789586273761, "joint_positions": [-0.16781380381585037, 0.7860108902964167, -0.007459605648614621, -2.075784463604974, 0.010482032732242944, 2.8500118720229364, -0.9681251390998233], "joint_limits": [[-2.7437, 2.7437], [-1.7837, 1.7837], [-2.9007, 2.9007], [-3.0421, -0.1518], [-2.8065, 2.8065], [0.5445, 4.5169], [-3.0159, 3.0159]], "at_joint_limit": false, "ik_iterations": 3, "ik_stopping_reason": "converged", "position_task_weight": 1.0, "orientation_task_weight": 0.35, "damping": 0.04}], "object_geometry": {"cube_red": {"geom_type": "box", "size_xyz": [0.02, 0.02, 0.02], "footprint_half_extents": [0.02, 0.02]}, "cube_yellow": {"geom_type": "box", "size_xyz": [0.02, 0.02, 0.02], "footprint_half_extents": [0.02, 0.02]}, "cube_blue": {"geom_type": "box", "size_xyz": [0.02, 0.02, 0.02], "footprint_half_extents": [0.02, 0.02]}}, "parse_success": true, "pick_attempted": true, "pick_success": true, "place_attempted": true, "place_success": true, "task_success": true, "failure_stage": null, "failure_reason": null, "failure_category": null, "verification": {"predicate": "left_of", "passed": true, "measured_value": 0.1499375790008741, "required_margin": 0.05, "details": {}}, "traceback": null}
{"episode_id": 3, "episode_seed": 45, "robot": "franka_panda", "task_id": "move_blue_right", "instruction": "把蓝色方块移到右边", "scene": "/home/ezrayang/projects/vgarm/examples/basic_scene.json", "program_version": "0.2.0", "started_at": "2026-07-23T09:50:14.249648+00:00", "duration_seconds": 9.629125476999889, "object_positions": {"cube_red": [0.5363125248630455, -0.10071830752894553, 0.03], "cube_yellow": [0.5749127605422699, 0.09032400921952419, 0.03], "cube_blue": [0.4243400164623212, -0.029337817975206, 0.03]}, "initial_object_positions": {"cube_red": [0.5363129999999925, -0.10071800000191702], "cube_yellow": [0.5749129999999923, 0.09032399999808342], "cube_blue": [0.42434, -0.029337799997158853]}, "planned_target_position": [0.55, -0.15, 0.04400000000000001], "original_target_position": [0.55, -0.15], "transport_waypoints": [[0.5554886607376538, -2.8457555510769084e-05, 0.6204854935198155], [0.42434, -0.029337799999269946, 0.6204854935198155], [0.42434, -0.029337799999269946, 0.09931089323306865], [0.42434, -0.029337799999269946, 0.03931089323306865], [0.4266979271339741, -0.02936201919042711, 0.25], [0.55, -0.15, 0.25], [0.55, -0.15, 0.10400000000000001], [0.55, -0.15, 0.04400000000000001]], "final_object_positions": {"cube_red": [0.5363129999999884, -0.10071800000302955], "cube_yellow": [0.574912999999988, 0.09032399999697122], "cube_blue": [0.5506778534860096, -0.1501077794452034]}, "held_object": null, "obstacle_objects": [], "path_diagnostics": {"direct_path_clear": false, "target_region_clear": true, "minimum_clearance": 0.00928169247105446, "required_clearance": 0.005}, "collision_diagnostics": null, "grasp_diagnostics": [{"robot": "franka_panda", "robot_model_path": "/home/ezrayang/projects/vgarm/third_party/mujoco_menagerie/franka_emika_panda/panda_nohand.xml", "attachment_site_name": "attachment_site", "object_grab_site_name": "cube_blue_grab", "target_tcp_position": [0.42434, -0.0293377999950034, 0.03998907131775586], "actual_tcp_position": [0.42571386041976333, -0.029359565980488965, 0.043549126613010664], "position_error_vector": [-0.0013738604197633397, 2.176598548556466e-05, -0.003560055295254806], "position_error_norm": 0.0038160136158546716, "target_orientation": [[-9.738188387603864e-05, -0.9999656733865417, -0.00828508089077911], [-0.9999999611029261, 9.954395651939573e-05, -0.00026054777891924667], [0.0002613635649283035, 0.008285055195880164, -0.999965644184582]], "actual_orientation": [[-0.00020953284027179476, -0.999910465299172, -0.01337974144665498], [-0.999999944009271, 0.00021300507328649043, -0.00025808969589237365], [0.0002609165407160656, 0.013379686619246493, -0.9999104539450154]], "orientation_error": 0.0050961774727678, "joint_positions": [-0.06729110724356385, 0.6469479643963312, -0.001858805804524148, -2.491100768046316, -0.003356158122840313, 3.1247170361611363, -0.8506126296432583], "joint_limits": [[-2.8973, 2.8973], [-1.7628, 1.7628], [-2.8973, 2.8973], [-3.0718, -0.0698], [-2.8973, 2.8973], [-0.0175, 3.7525], [-2.8973, 2.8973]], "at_joint_limit": false, "ik_iterations": 3, "ik_stopping_reason": "converged", "position_task_weight": 1.0, "orientation_task_weight": 0.35, "damping": 0.04}], "object_geometry": {"cube_red": {"geom_type": "box", "size_xyz": [0.02, 0.02, 0.02], "footprint_half_extents": [0.02, 0.02]}, "cube_yellow": {"geom_type": "box", "size_xyz": [0.02, 0.02, 0.02], "footprint_half_extents": [0.02, 0.02]}, "cube_blue": {"geom_type": "box", "size_xyz": [0.02, 0.02, 0.02], "footprint_half_extents": [0.02, 0.02]}}, "parse_success": true, "pick_attempted": true, "pick_success": true, "place_attempted": true, "place_success": true, "task_success": true, "failure_stage": null, "failure_reason": null, "failure_category": null, "verification": {"predicate": "right_of", "passed": true, "measured_value": 0.1501077794452034, "required_margin": 0.05, "details": {}}, "traceback": null}
{"episode_id": 4, "episode_seed": 46, "robot": "franka_panda", "task_id": "swap_red_blue", "instruction": "交换红色方块和蓝色方块位置", "scene": "/home/ezrayang/projects/vgarm/examples/basic_scene.json", "program_version": "0.2.0", "started_at": "2026-07-23T09:50:23.879322+00:00", "duration_seconds": 27.721627274000184, "object_positions": {"cube_red": [0.5732960845871493, -0.10600033624173923, 0.03], "cube_yellow": [0.6053172109664539, 0.12158720041256568, 0.03], "cube_blue": [0.43371235220187604, 0.0009430370414111877, 0.03]}, "initial_object_positions": {"cube_red": [0.5732959999999924, -0.10600000000191658], "cube_yellow": [0.6053169999999981, 0.12158699999725167], "cube_blue": [0.433712, 0.0009430370028411689]}, "planned_target_position": [0.433712, 0.0009430370028411689, 0.043999999999999984], "original_target_position": null, "transport_waypoints": [[0.5554886607376538, -2.8457555510769084e-05, 0.6204854935198155], [0.5732959999999973, -0.10600000000080737, 0.6204854935198155], [0.5732959999999973, -0.10600000000080737, 0.09931089323306858], [0.5732959999999973, -0.10600000000080737, 0.03931089323306858], [0.5744910986759958, -0.10591580180075529, 0.25], [0.55, 0.22, 0.25], [0.55, 0.22, 0.10400000000000001], [0.55, 0.22, 0.04400000000000001], [0.5512709632471537, 0.2198478532052773, 0.25], [0.433712, 0.0009430370049970914, 0.25], [0.433712, 0.0009430370049970914, 0.09998907131775586], [0.433712, 0.0009430370049970914, 0.03998907131775586], [0.43601551674804523, 0.0009645546885727684, 0.25], [0.5732959999999924, -0.10600000000191658, 0.25], [0.5732959999999924, -0.10600000000191658, 0.104], [0.5732959999999924, -0.10600000000191658, 0.044], [0.574538741062076, -0.10592378980927951, 0.25], [0.5506236860525666, 0.2200485048636186, 0.25], [0.5506236860525666, 0.2200485048636186, 0.0999890713177558], [0.5506236860525666, 0.2200485048636186, 0.039989071317755816], [0.5518333454199418, 0.21986207425651846, 0.25], [0.433712, 0.0009430370028411689, 0.25], [0.433712, 0.0009430370028411689, 0.10399999999999998], [0.433712, 0.0009430370028411689, 0.043999999999999984]], "final_object_positions": {"cube_red": [0.4351882049733492, 0.0009113069270407772], "cube_yellow": [0.6053169999999963, 0.12158699999475772], "cube_blue": [0.5738487629124336, -0.1063302925491097]}, "held_object": null, "obstacle_objects": [], "path_diagnostics": {"direct_path_clear": null, "target_region_clear": null, "minimum_clearance": null, "required_clearance": null}, "collision_diagnostics": null, "grasp_diagnostics": [{"robot": "franka_panda", "robot_model_path": "/home/ezrayang/projects/vgarm/third_party/mujoco_menagerie/franka_emika_panda/panda_nohand.xml", "attachment_site_name": "attachment_site", "object_grab_site_name": "cube_red_grab", "target_tcp_position": [0.573295999999988, -0.10600000000302878, 0.03998907131775586], "actual_tcp_position": [0.5739412181744564, -0.10596121539011442, 0.04370721697595274], "position_error_vector": [-0.0006452181744683871, -3.8784612914358196e-05, -0.003718145658196885], "position_error_norm": 0.0037739128069460724, "target_orientation": [[-9.738188387603864e-05, -0.9999656733865417, -0.00828508089077911], [-0.9999999611029261, 9.954395651939573e-05, -0.00026054777891924667], [0.0002613635649283035, 0.008285055195880164, -0.999965644184582]], "actual_orientation": [[-0.0004591955311273003, -0.9999280573318816, -0.011986212911269842], [-0.9999998601651707, 0.00046230669083044813, -0.0002567920627361145], [0.00026231489485656866, 0.011986093317412162, -0.9999281297962784]], "orientation_error": 0.0037189587924735543, "joint_positions": [-0.17262838585357226, 0.8313611005509812, -0.008697581450232802, -1.964259995053811, 0.011551254994734401, 2.78382981734463, -0.9743083822076462], "joint_limits": [[-2.8973, 2.8973], [-1.7628, 1.7628], [-2.8973, 2.8973], [-3.0718, -0.0698], [-2.8973, 2.8973], [-0.0175, 3.7525], [-2.8973, 2.8973]], "at_joint_limit": false, "ik_iterations": 3, "ik_stopping_reason": "converged", "position_task_weight": 1.0, "orientation_task_weight": 0.35, "damping": 0.04}, {"robot": "franka_panda", "robot_model_path": "/home/ezrayang/projects/vgarm/third_party/mujoco_menagerie/franka_emika_panda/panda_nohand.xml", "attachment_site_name": "attachment_site", "object_grab_site_name": "cube_blue_grab", "target_tcp_position": [0.433712, 0.0009430370049972081, 0.03998907131775586], "actual_tcp_position": [0.43505323510021005, 0.0009594351402808805, 0.0442384140237561], "position_error_vector": [-0.0013412351002100587, -1.6398135283672327e-05, -0.004249342706000241], "position_error_norm": 0.0044560177205565194, "target_orientation": [[-9.738188387603864e-05, -0.9999656733865417, -0.00828508089077911], [-0.9999999611029261, 9.954395651939573e-05, -0.00026054777891924667], [0.0002613635649283035, 0.008285055195880164, -0.999965644184582]], "actual_orientation": [[-0.00010620369610039098, -0.9999117379309662, -0.013285521015300946], [-0.9999999589027883, 0.0001097322411158585, -0.0002648645981956502], [0.0002662990706936005, 0.013285492339703792, -0.9999117084913524]], "orientation_error": 0.005000725102176237, "joint_positions": [0.0032985803088505126, 0.6509740103373536, -0.0005202594585213325, -2.4674554352856943, 0.002433759002654593, 3.105142651763799, -0.7848403345754041], "joint_limits": [[-2.8973, 2.8973], [-1.7628, 1.7628], [-2.8973, 2.8973], [-3.0718, -0.0698], [-2.8973, 2.8973], [-0.0175, 3.7525], [-2.8973, 2.8973]], "at_joint_limit": false, "ik_iterations": 3, "ik_stopping_reason": "converged", "position_task_weight": 1.0, "orientation_task_weight": 0.35, "damping": 0.04}, {"robot": "franka_panda", "robot_model_path": "/home/ezrayang/projects/vgarm/third_party/mujoco_menagerie/franka_emika_panda/panda_nohand.xml", "attachment_site_name": "attachment_site", "object_grab_site_name": "cube_red_grab", "target_tcp_position": [0.5506236860525666, 0.2200485048636186, 0.039989071317755816], "actual_tcp_position": [0.5512757262105215, 0.21994451825240555, 0.04438568877366619], "position_error_vector": [-0.0006520401579548363, 0.00010398661121305275, -0.004396617455910377], "position_error_norm": 0.004445921123514584, "target_orientation": [[-9.738188387603864e-05, -0.9999656733865417, -0.00828508089077911], [-0.9999999611029261, 9.954395651939573e-05, -0.00026054777891924667], [0.0002613635649283035, 0.008285055195880164, -0.999965644184582]], "actual_orientation": [[0.0006390384535271792, -0.9999266095966575, -0.012098225092455306], [-0.9999997460823955, -0.0006351761044342158, -0.00032308893498436773], [0.0003153807198723185, 0.012098428486756341, -0.999926761599644]], "orientation_error": 0.0038841837213453453, "joint_positions": [0.3620883557461589, 0.8460930553186359, 0.015659325090239838, -1.9264422486649573, -0.020518516980664564, 2.7610150286149167, -0.3944047923060113], "joint_limits": [[-2.8973, 2.8973], [-1.7628, 1.7628], [-2.8973, 2.8973], [-3.0718, -0.0698], [-2.8973, 2.8973], [-0.0175, 3.7525], [-2.8973, 2.8973]], "at_joint_limit": false, "ik_iterations": 3, "ik_stopping_reason": "converged", "position_task_weight": 1.0, "orientation_task_weight": 0.35, "damping": 0.04}], "object_geometry": {"cube_red": {"geom_type": "box", "size_xyz": [0.02, 0.02, 0.02], "footprint_half_extents": [0.02, 0.02]}, "cube_yellow": {"geom_type": "box", "size_xyz": [0.02, 0.02, 0.02], "footprint_half_extents": [0.02, 0.02]}, "cube_blue": {"geom_type": "box", "size_xyz": [0.02, 0.02, 0.02], "footprint_half_extents": [0.02, 0.02]}}, "parse_success": true, "pick_attempted": true, "pick_success": true, "place_attempted": true, "place_success": true, "task_success": true, "failure_stage": null, "failure_reason": null, "failure_category": null, "verification": {"predicate": "swap", "passed": true, "measured_value": 0.0014765459427499223, "required_margin": 0.04, "details": {"first_error": 0.0014765459427499223, "second_error": 0.0006439254647098662}}, "traceback": null}
{"episode_id": 5, "episode_seed": 47, "robot": "franka_panda", "task_id": "place_blue_right_of_red", "instruction": "把蓝色方块放在红色方块右边", "scene": "/home/ezrayang/projects/vgarm/examples/basic_scene.json", "program_version": "0.2.0", "started_at": "2026-07-23T09:50:51.602081+00:00", "duration_seconds": 10.374483748999864, "object_positions": {"cube_red": [0.541110775349673, -0.10418882524059413, 0.03], "cube_yellow": [0.5972202518153744, 0.0906081844526952, 0.03], "cube_blue": [0.45074666189546453, -0.006455075912671689, 0.03]}, "initial_object_positions": {"cube_red": [0.5411109999999925, -0.10418900000191703], "cube_yellow": [0.5972199999999924, 0.09060819999808298], "cube_blue": [0.450747, -0.00645507999770684]}, "planned_target_position": [0.5411109999999925, -0.254189000001917, 0.04400000000000001], "original_target_position": [0.5411109999999925, -0.254189000001917], "transport_waypoints": [[0.5554886607376538, -2.8457555510769084e-05, 0.6204854935198155], [0.45074699999999973, -0.006455079999440629, 0.6204854935198155], [0.45074699999999973, -0.006455079999440629, 0.09931089323306863], [0.45074699999999973, -0.006455079999440629, 0.03931089323306863], [0.4529283595803322, -0.006456560996780799, 0.25], [0.5411109999999925, -0.254189000001917, 0.25], [0.5411109999999925, -0.254189000001917, 0.10400000000000001], [0.5411109999999925, -0.254189000001917, 0.04400000000000001]], "final_object_positions": {"cube_red": [0.5411109999999884, -0.10418900000302954], "cube_yellow": [0.5972199999999883, 0.09060819999697046], "cube_blue": [0.5417257978117106, -0.25417747692682574]}, "held_object": null, "obstacle_objects": [], "path_diagnostics": {"direct_path_clear": false, "target_region_clear": true, "minimum_clearance": 0.11000017476132287, "required_clearance": 0.005}, "collision_diagnostics": null, "grasp_diagnostics": [{"robot": "franka_panda", "robot_model_path": "/home/ezrayang/projects/vgarm/third_party/mujoco_menagerie/franka_emika_panda/panda_nohand.xml", "attachment_site_name": "attachment_site", "object_grab_site_name": "cube_blue_grab", "target_tcp_position": [0.450747, -0.0064550799959447284, 0.039989071317755864], "actual_tcp_position": [0.4520065743560441, -0.006461555762492835, 0.043577418896206116], "position_error_vector": [-0.0012595743560440686, 6.475766548106818e-06, -0.0035883475784502517], "position_error_norm": 0.003802999847189847, "target_orientation": [[-9.738188387603864e-05, -0.9999656733865417, -0.00828508089077911], [-0.9999999611029261, 9.954395651939573e-05, -0.00026054777891924667], [0.0002613635649283035, 0.008285055195880164, -0.999965644184582]], "actual_orientation": [[-0.00012924048569566931, -0.9999138515314373, -0.013125273805145072], [-0.9999999567693522, 0.0001326959662763642, -0.00026239868704028627], [0.00026411775268546205, 0.013125239325197246, -0.9999138254542066]], "orientation_error": 0.004840561489497733, "joint_positions": [-0.013624550870579203, 0.6672926486442236, -0.0006550223664088784, -2.4150335171100674, -0.0005891840913945335, 3.0692054205672306, -0.7988210341255559], "joint_limits": [[-2.8973, 2.8973], [-1.7628, 1.7628], [-2.8973, 2.8973], [-3.0718, -0.0698], [-2.8973, 2.8973], [-0.0175, 3.7525], [-2.8973, 2.8973]], "at_joint_limit": false, "ik_iterations": 3, "ik_stopping_reason": "converged", "position_task_weight": 1.0, "orientation_task_weight": 0.35, "damping": 0.04}], "object_geometry": {"cube_red": {"geom_type": "box", "size_xyz": [0.02, 0.02, 0.02], "footprint_half_extents": [0.02, 0.02]}, "cube_yellow": {"geom_type": "box", "size_xyz": [0.02, 0.02, 0.02], "footprint_half_extents": [0.02, 0.02]}, "cube_blue": {"geom_type": "box", "size_xyz": [0.02, 0.02, 0.02], "footprint_half_extents": [0.02, 0.02]}}, "parse_success": true, "pick_attempted": true, "pick_success": true, "place_attempted": true, "place_success": true, "task_success": true, "failure_stage": null, "failure_reason": null, "failure_category": null, "verification": {"predicate": "right_of", "passed": true, "measured_value": 0.1499884769237962, "required_margin": 0.05, "details": {}}, "traceback": null}
{"episode_id": 6, "episode_seed": 48, "robot": "ur5e", "task_id": "place_red_left_of_blue", "instruction": "把红色方块放在蓝色方块左边", "scene": "/home/ezrayang/projects/vgarm/examples/basic_scene.json", "program_version": "0.2.0", "started_at": "2026-07-23T09:51:01.977101+00:00", "duration_seconds": 13.201475859000311, "object_positions": {"cube_red": [0.5528894697049799, -0.12208651219744747, 0.03], "cube_yellow": [0.6126928105360815, 0.08813500335506894, 0.03], "cube_blue": [0.47629951648651625, -0.018436899164080214, 0.03]}, "initial_object_positions": {"cube_red": [0.5528889999958483, -0.1220870000001426], "cube_yellow": [0.6126929999958387, 0.08813500000004915], "cube_blue": [0.4762999999968979, -0.018436899996897044]}, "planned_target_position": [0.4762999999968979, 0.13156310000310295, 0.04400000000000001], "original_target_position": [0.4762999999968979, 0.13156310000310295], "transport_waypoints": [[-0.13400303882698558, 0.4926552632838469, 0.48438900141174906], [0.5528889999974358, -0.12208700000008806, 0.48438900141174906], [0.5528889999974358, -0.12208700000008806, 0.09926133134156158], [0.5528889999974358, -0.12208700000008806, 0.03926133134156158], [0.5549166988598179, -0.11888203289403057, 0.25], [0.4762999999968979, 0.13156310000310295, 0.25], [0.4762999999968979, 0.13156310000310295, 0.10400000000000001], [0.4762999999968979, 0.13156310000310295, 0.04400000000000001]], "final_object_positions": {"cube_red": [0.4771257289858826, 0.13350404878273583], "cube_yellow": [0.6126929999942328, 0.088135000000068], "cube_blue": [0.47629999999543715, -0.018436899995435508]}, "held_object": null, "obstacle_objects": [], "path_diagnostics": {"direct_path_clear": false, "target_region_clear": true, "minimum_clearance": 0.09639281053918355, "required_clearance": 0.005}, "collision_diagnostics": null, "grasp_diagnostics": [{"robot": "ur5e", "robot_model_path": "/home/ezrayang/projects/vgarm/third_party/mujoco_menagerie/universal_robots_ur5e/ur5e.xml", "attachment_site_name": "attachment_site", "object_grab_site_name": "cube_red_grab", "target_tcp_position": [0.5528889999942463, -0.12208700000019762, 0.03989224457978381], "actual_tcp_position": [0.5542418744436562, -0.12053985273453259, 0.04321392617674395], "position_error_vector": [-0.001352874449409902, -0.0015471472656650304, -0.003321681596960141], "position_error_norm": 0.0039060853253743187, "target_orientation": [[0.9999999999692119, 6.911010484020993e-06, 3.716663015369035e-06], [6.941692265920301e-06, -0.9999653919330113, -0.008319548549737614], [3.659037901596867e-06, 0.008319548575281404, -0.9999653919501984]], "actual_orientation": [[0.9999841986160162, -0.00395168562387729, -0.003998337030846783], [-0.003983913351847312, -0.9999593823479661, -0.008084682348592243], [-0.003966226504774005, 0.008100483627704448, -0.9999593247789175]], "orientation_error": 0.005633684709327584, "joint_positions": [-3.5926113591475515, -0.8813225518797878, 1.9721329469308595, -2.661532173710338, -1.579815497288176, -2.017846805572299], "joint_limits": [[-6.28319, 6.28319], [-6.28319, 6.28319], [-3.1415, 3.1415], [-6.28319, 6.28319], [-6.28319, 6.28319], [-6.28319, 6.28319]], "at_joint_limit": false, "ik_iterations": 3, "ik_stopping_reason": "converged", "position_task_weight": 1.0, "orientation_task_weight": 0.35, "damping": 0.04}], "object_geometry": {"cube_red": {"geom_type": "box", "size_xyz": [0.02, 0.02, 0.02], "footprint_half_extents": [0.02, 0.02]}, "cube_yellow": {"geom_type": "box", "size_xyz": [0.02, 0.02, 0.02], "footprint_half_extents": [0.02, 0.02]}, "cube_blue": {"geom_type": "box", "size_xyz": [0.02, 0.02, 0.02], "footprint_half_extents": [0.02, 0.02]}}, "parse_success": true, "pick_attempted": true, "pick_success": true, "place_attempted": true, "place_success": true, "task_success": true, "failure_stage": null, "failure_reason": null, "failure_category": null, "verification": {"predicate": "left_of", "passed": true, "measured_value": 0.15194094877817135, "required_margin": 0.05, "details": {}}, "traceback": null}
{"episode_id": 7, "episode_seed": 49, "robot": "ur5e", "task_id": "move_blue_right", "instruction": "把蓝色方块移到右边", "scene": "/home/ezrayang/projects/vgarm/examples/basic_scene.json", "program_version": "0.2.0", "started_at": "2026-07-23T09:51:15.179270+00:00", "duration_seconds": 11.881413608999537, "object_positions": {"cube_red": [0.5240130385805651, -0.10520543101430445, 0.03], "cube_yellow": [0.5766302840367683, 0.11512668768511206, 0.03], "cube_blue": [0.4506771065925391, -0.02701956033116816, 0.03]}, "initial_object_positions": {"cube_red": [0.5240129999958386, -0.10520499999995082], "cube_yellow": [0.5766299999958385, 0.11512700000004918], "cube_blue": [0.45067699999691396, -0.027019599996820885]}, "planned_target_position": [0.55, -0.16, 0.044], "original_target_position": [0.55, -0.15], "transport_waypoints": [[-0.13400303882698558, 0.4926552632838469, 0.48438900141174906], [0.4506769999983463, -0.027019599998296485, 0.48438900141174906], [0.4506769999983463, -0.027019599998296485, 0.09926133134156158], [0.4506769999983463, -0.027019599998296485, 0.03926133134156158], [0.4532525372384187, -0.022911230122088254, 0.25], [0.55, -0.16, 0.25], [0.55, -0.16, 0.104], [0.55, -0.16, 0.044]], "final_object_positions": {"cube_red": [0.5240129999942327, -0.10520499999993195], "cube_yellow": [0.5766299999942326, 0.11512700000006805], "cube_blue": [0.551500240467453, -0.1584668168824423]}, "held_object": null, "obstacle_objects": [], "path_diagnostics": {"direct_path_clear": false, "target_region_clear": false, "minimum_clearance": 0.014794568985695554, "required_clearance": 0.005}, "collision_diagnostics": null, "grasp_diagnostics": [{"robot": "ur5e", "robot_model_path": "/home/ezrayang/projects/vgarm/third_party/mujoco_menagerie/universal_robots_ur5e/ur5e.xml", "attachment_site_name": "attachment_site", "object_grab_site_name": "cube_blue_grab", "target_tcp_position": [0.45067699999546046, -0.027019599995323454, 0.03989224457978381], "actual_tcp_position": [0.45243582525362597, -0.02499570903471299, 0.042834332283822815], "position_error_vector": [-0.0017588252581655084, -0.002023890960610463, -0.0029420877040390037], "position_error_norm": 0.003980638261316796, "target_orientation": [[0.9999999999692119, 6.911010484020993e-06, 3.716663015369035e-06], [6.941692265920301e-06, -0.9999653919330113, -0.008319548549737614], [3.659037901596867e-06, 0.008319548575281404, -0.9999653919501984]], "actual_orientation": [[0.9999794686954546, -0.003760183342690329, -0.005188757923096691], [-0.0038041992252162656, -0.9999566440547576, -0.008499298735809962], [-0.005156574038061363, 0.00851886330299008, -0.9999504181269259]], "orientation_error": 0.006417846335580276, "joint_positions": [-3.494740318585291, -1.0012968004817928, 2.3030720207738624, -2.8706424081377553, -1.580565825601238, -1.9201522742837644], "joint_limits": [[-6.28319, 6.28319], [-6.28319, 6.28319], [-3.1415, 3.1415], [-6.28319, 6.28319], [-6.28319, 6.28319], [-6.28319, 6.28319]], "at_joint_limit": false, "ik_iterations": 3, "ik_stopping_reason": "converged", "position_task_weight": 1.0, "orientation_task_weight": 0.35, "damping": 0.04}], "object_geometry": {"cube_red": {"geom_type": "box", "size_xyz": [0.02, 0.02, 0.02], "footprint_half_extents": [0.02, 0.02]}, "cube_yellow": {"geom_type": "box", "size_xyz": [0.02, 0.02, 0.02], "footprint_half_extents": [0.02, 0.02]}, "cube_blue": {"geom_type": "box", "size_xyz": [0.02, 0.02, 0.02], "footprint_half_extents": [0.02, 0.02]}}, "parse_success": true, "pick_attempted": true, "pick_success": true, "place_attempted": true, "place_success": true, "task_success": true, "failure_stage": null, "failure_reason": null, "failure_category": null, "verification": {"predicate": "right_of", "passed": true, "measured_value": 0.1584668168824423, "required_margin": 0.05, "details": {}}, "traceback": null}
