{"episode_id": 0, "episode_seed": 42, "robot": "franka_fr3", "task_id": "place_blue_right_of_red", "instruction": "把蓝色方块放在红色方块右边", "scene": "/home/ezrayang/projects/vgarm/examples/basic_scene.json", "program_version": "0.2.0", "started_at": "2026-07-23T09:56:54.221244+00:00", "duration_seconds": 11.285147833999872, "object_positions": {"cube_red": [0.558365607907473, -0.12849935468663998, 0.03], "cube_yellow": [0.5865017591021471, 0.08339264428892937, 0.03], "cube_blue": [0.46418827284984077, 0.010601969245374675, 0.03]}, "initial_object_positions": {"cube_red": [0.5583659999958483, -0.1284990000001429], "cube_yellow": [0.5865019999958386, 0.08339260000004914], "cube_blue": [0.46418799999691374, 0.010602000003179037]}, "planned_target_position": [0.5583659999958483, -0.2784990000001429, 0.044], "original_target_position": [0.5583659999958483, -0.2784990000001429], "transport_waypoints": [[0.5554907299139339, -2.394794846136373e-05, 0.6205821174470505], [0.46418799999834626, 0.010602000001703468, 0.6205821174470505], [0.46418799999834626, 0.010602000001703468, 0.09926133134156158], [0.46418799999834626, 0.010602000001703468, 0.03926133134156158], [0.46621479792091214, 0.010606140208394834, 0.25], [0.5583659999958483, -0.2784990000001429, 0.25], [0.5583659999958483, -0.2784990000001429, 0.104], [0.5583659999958483, -0.2784990000001429, 0.044]], "final_object_positions": {"cube_red": [0.5583659999942464, -0.12849900000019787], "cube_yellow": [0.5865019999942327, 0.083392600000068], "cube_blue": [0.5589588068401486, -0.27837136770148074]}, "held_object": null, "obstacle_objects": [], "path_diagnostics": {"direct_path_clear": false, "target_region_clear": true, "minimum_clearance": 0.1099996453135029, "required_clearance": 0.005}, "collision_diagnostics": null, "grasp_diagnostics": [{"robot": "franka_fr3", "robot_model_path": "/home/ezrayang/projects/vgarm/third_party/mujoco_menagerie/franka_fr3/fr3.xml", "attachment_site_name": "attachment_site", "object_grab_site_name": "cube_blue_grab", "target_tcp_position": [0.46418799999546007, 0.010602000004676431, 0.03989224457978381], "actual_tcp_position": [0.4653894215891242, 0.010600432468590592, 0.043550790190224314], "position_error_vector": [-0.0012014215936641537, 1.5675360858398435e-06, -0.003658545610440503], "position_error_norm": 0.003850762559099868, "target_orientation": [[0.7071526122936591, 0.7070158219946349, -0.007988139677127044], [0.7070371079590106, -0.7071764126476425, -0.000222179580420766], [-0.005806108439280621, -0.005490796304595686, -0.9999680696205899]], "actual_orientation": [[0.7070972383667383, 0.7070021408095004, -0.01270702108732462], [0.7070572143100773, -0.7071563097345773, -0.00022202397700247112], [-0.009142821566883728, -0.008827598391193514, -0.9999192378989606]], "orientation_error": 0.004719213007696897, "joint_positions": [0.022419457409274476, 0.6798275630256685, 0.00020963121654363375, -2.3734106441737315, -0.0006622108944435808, 3.040529037727111, -0.7620869254529917], "joint_limits": [[-2.7437, 2.7437], [-1.7837, 1.7837], [-2.9007, 2.9007], [-3.0421, -0.1518], [-2.8065, 2.8065], [0.5445, 4.5169], [-3.0159, 3.0159]], "at_joint_limit": false, "ik_iterations": 3, "ik_stopping_reason": "converged", "position_task_weight": 1.0, "orientation_task_weight": 0.35, "damping": 0.04}], "object_geometry": {"cube_red": {"geom_type": "box", "size_xyz": [0.02, 0.02, 0.02], "footprint_half_extents": [0.02, 0.02]}, "cube_yellow": {"geom_type": "box", "size_xyz": [0.02, 0.02, 0.02], "footprint_half_extents": [0.02, 0.02]}, "cube_blue": {"geom_type": "box", "size_xyz": [0.02, 0.02, 0.02], "footprint_half_extents": [0.02, 0.02]}}, "parse_success": true, "pick_attempted": true, "pick_success": true, "place_attempted": true, "place_success": true, "task_success": true, "failure_stage": null, "failure_reason": null, "failure_category": null, "verification": {"predicate": "right_of", "passed": true, "measured_value": 0.14987236770128287, "required_margin": 0.05, "details": {}}, "traceback": null}
{"episode_id": 1, "episode_seed": 43, "robot": "franka_fr3", "task_id": "move_blue_right", "instruction": "把蓝色方块移到右边", "scene": "/home/ezrayang/projects/vgarm/examples/basic_scene.json", "program_version": "0.2.0", "started_at": "2026-07-23T09:57:05.507054+00:00", "duration_seconds": 10.046900782000193, "object_positions": {"cube_red": [0.5223131103602429, -0.08822654064177685, 0.03], "cube_yellow": [0.5786359932837216, 0.09775193528974525, 0.03], "cube_blue": [0.46029880584706606, 0.017577076299317658, 0.03]}, "initial_object_positions": {"cube_red": [0.5223129999958386, -0.08822649999995082], "cube_yellow": [0.5786359999958387, 0.09775190000004917], "cube_blue": [0.4602989999968983, 0.01757710000310298]}, "planned_target_position": [0.55, -0.15, 0.044], "original_target_position": [0.55, -0.15], "transport_waypoints": [[0.5554907299139339, -2.394794846136373e-05, 0.6205821174470505], [0.4602989999983379, 0.017577100001662727, 0.6205821174470505], [0.4602989999983379, 0.017577100001662727, 0.09926133134156159], [0.4602989999983379, 0.017577100001662727, 0.03926133134156159], [0.46235091788356086, 0.017583235153001704, 0.25], [0.55, -0.15, 0.25], [0.55, -0.15, 0.104], [0.55, -0.15, 0.044]], "final_object_positions": {"cube_red": [0.5223129999942326, -0.08822649999993196], "cube_yellow": [0.5786359999942328, 0.09775190000006803], "cube_blue": [0.5508956162202958, -0.14982580934537754]}, "held_object": null, "obstacle_objects": [], "path_diagnostics": {"direct_path_clear": false, "target_region_clear": true, "minimum_clearance": 0.021773459358223148, "required_clearance": 0.005}, "collision_diagnostics": null, "grasp_diagnostics": [{"robot": "franka_fr3", "robot_model_path": "/home/ezrayang/projects/vgarm/third_party/mujoco_menagerie/franka_fr3/fr3.xml", "attachment_site_name": "attachment_site", "object_grab_site_name": "cube_blue_grab", "target_tcp_position": [0.4602989999954376, 0.017577100004564528, 0.03989224457978381], "actual_tcp_position": [0.4615167101678201, 0.01757742961003405, 0.043539700195025025], "position_error_vector": [-0.0012177101723824801, -3.2960546952204295e-07, -0.003647455615241213], "position_error_norm": 0.003845354422900208, "target_orientation": [[0.7071526122936591, 0.7070158219946349, -0.007988139677127044], [0.7070371079590106, -0.7071764126476425, -0.000222179580420766], [-0.005806108439280621, -0.005490796304595686, -0.9999680696205899]], "actual_orientation": [[0.707079244807482, 0.7070194794696688, -0.012743516505164712], [0.7070748769846212, -0.7071386490894681, -0.0002220385158339562], [-0.009168418601998667, -0.008853621539146792, -0.9999187734441123]], "orientation_error": 0.004755930773206897, "joint_positions": [0.03734916965816302, 0.6763884817899907, 0.0005152628910995008, -2.3848001851524314, -0.0006819789075839655, 3.0484454185548273, -0.746922011206622], "joint_limits": [[-2.7437, 2.7437], [-1.7837, 1.7837], [-2.9007, 2.9007], [-3.0421, -0.1518], [-2.8065, 2.8065], [0.5445, 4.5169], [-3.0159, 3.0159]], "at_joint_limit": false, "ik_iterations": 3, "ik_stopping_reason": "converged", "position_task_weight": 1.0, "orientation_task_weight": 0.35, "damping": 0.04}], "object_geometry": {"cube_red": {"geom_type": "box", "size_xyz": [0.02, 0.02, 0.02], "footprint_half_extents": [0.02, 0.02]}, "cube_yellow": {"geom_type": "box", "size_xyz": [0.02, 0.02, 0.02], "footprint_half_extents": [0.02, 0.02]}, "cube_blue": {"geom_type": "box", "size_xyz": [0.02, 0.02, 0.02], "footprint_half_extents": [0.02, 0.02]}}, "parse_success": true, "pick_attempted": true, "pick_success": true, "place_attempted": true, "place_success": true, "task_success": true, "failure_stage": null, "failure_reason": null, "failure_category": null, "verification": {"predicate": "right_of", "passed": true, "measured_value": 0.14982580934537754, "required_margin": 0.05, "details": {}}, "traceback": null}
{"episode_id": 2, "episode_seed": 44, "robot": "franka_fr3", "task_id": "place_red_left_of_blue", "instruction": "把红色方块放在蓝色方块左边", "scene": "/home/ezrayang/projects/vgarm/examples/basic_scene.json", "program_version": "0.2.0", "started_at": "2026-07-23T09:57:15.554522+00:00", "duration_seconds": 10.644444339000074, "object_positions": {"cube_red": [0.5445121527552697, -0.09748167945372424, 0.03], "cube_yellow": [0.6217221969887564, 0.08059993865172664, 0.03], "cube_blue": [0.4335095712346888, -0.028254164803913333, 0.03]}, "initial_object_positions": {"cube_red": [0.5445119999958387, -0.09748169999995084], "cube_yellow": [0.6217219999958387, 0.08059990000004914], "cube_blue": [0.43350999999689793, -0.028254199996897045]}, "planned_target_position": [0.43350999999689793, 0.12174580000310295, 0.044], "original_target_position": [0.43350999999689793, 0.12174580000310295], "transport_waypoints": [[0.5554907299139339, -2.394794846136373e-05, 0.6205821174470505], [0.5445119999974299, -0.09748169999996961, 0.6205821174470505], [0.5445119999974299, -0.09748169999996961, 0.09926133134156158], [0.5445119999974299, -0.09748169999996961, 0.03926133134156158], [0.5459181606610941, -0.0974231127457665, 0.25], [0.43350999999689793, 0.12174580000310295, 0.25], [0.43350999999689793, 0.12174580000310295, 0.104], [0.43350999999689793, 0.12174580000310295, 0.044]], "final_object_positions": {"cube_red": [0.4350838563604385, 0.12168337900543857], "cube_yellow": [0.6217219999942327, 0.080599900000068], "cube_blue": [0.43350999999543716, -0.02825419999543551]}, "held_object": null, "obstacle_objects": [], "path_diagnostics": {"direct_path_clear": true, "target_region_clear": true, "minimum_clearance": 0.10999996480701627, "required_clearance": 0.005}, "collision_diagnostics": null, "grasp_diagnostics": [{"robot": "franka_fr3", "robot_model_path": "/home/ezrayang/projects/vgarm/third_party/mujoco_menagerie/franka_fr3/fr3.xml", "attachment_site_name": "attachment_site", "object_grab_site_name": "cube_red_grab", "target_tcp_position": [0.5445119999942327, -0.09748169999993198, 0.03989224457978381], "actual_tcp_position": [0.5453181074553106, -0.09746056985998475, 0.04363761653295421], "position_error_vector": [-0.0008061074610778984, -2.1130139947228566e-05, -0.003745371953170401], "position_error_norm": 0.0038311965218734353, "target_orientation": [[0.7071526122936591, 0.7070158219946349, -0.007988139677127044], [0.7070371079590106, -0.7071764126476425, -0.000222179580420766], [-0.005806108439280621, -0.005490796304595686, -0.9999680696205899]], "actual_orientation": [[0.7073710582919619, 0.7067410711117886, -0.01196847085762482], [0.7067899335541078, -0.7074234568440811, -0.00020623614703070385], [-0.008612532582693053, -0.008313309240621765, -0.9999283540194168]], "orientation_error": 0.003995789586273761, "joint_positions": [-0.16781380381585037, 0.7860108902964167, -0.007459605648614621, -2.075784463604974, 0.010482032732242944, 2.8500118720229364, -0.9681251390998233], "joint_limits": [[-2.7437, 2.7437], [-1.7837, 1.7837], [-2.9007, 2.9007], [-3.0421, -0.1518], [-2.8065, 2.8065], [0.5445, 4.5169], [-3.0159, 3.0159]], "at_joint_limit": false, "ik_iterations": 3, "ik_stopping_reason": "converged", "position_task_weight": 1.0, "orientation_task_weight": 0.35, "damping": 0.04}], "object_geometry": {"cube_red": {"geom_type": "box", "size_xyz": [0.02, 0.02, 0.02], "footprint_half_extents": [0.02, 0.02]}, "cube_yellow": {"geom_type": "box", "size_xyz": [0.02, 0.02, 0.02], "footprint_half_extents": [0.02, 0.02]}, "cube_blue": {"geom_type": "box", "size_xyz": [0.02, 0.02, 0.02], "footprint_half_extents": [0.02, 0.02]}}, "parse_success": true, "pick_attempted": true, "pick_success": true, "place_attempted": true, "place_success": true, "task_success": true, "failure_stage": null, "failure_reason": null, "failure_category": null, "verification": {"predicate": "left_of", "passed": true, "measured_value": 0.1499375790008741, "required_margin": 0.05, "details": {}}, "traceback": null}
{"episode_id": 3, "episode_seed": 45, "robot": "franka_fr3", "task_id": "swap_red_blue", "instruction": "交换红色方块和蓝色方块位置", "scene": "/home/ezrayang/projects/vgarm/examples/basic_scene.json", "program_version": "0.2.0", "started_at": "2026-07-23T09:57:26.199752+00:00", "duration_seconds": 29.941870534000373, "object_positions": {"cube_red": [0.5363125248630455, -0.10071830752894553, 0.03], "cube_yellow": [0.5749127605422699, 0.09032400921952419, 0.03], "cube_blue": [0.4243400164623212, -0.029337817975206, 0.03]}, "initial_object_positions": {"cube_red": [0.5363129999958386, -0.10071799999995082], "cube_yellow": [0.5749129999958386, 0.09032400000004918], "cube_blue": [0.42433999999691396, -0.029337799996820114]}, "planned_target_position": [0.42433999999691396, -0.029337799996820114, 0.044], "original_target_position": null, "transport_waypoints": [[0.5554907299139339, -2.394794846136373e-05, 0.6205821174470505], [0.53631299999743, -0.10071799999996961, 0.6205821174470505], [0.53631299999743, -0.10071799999996961, 0.09926133134156158], [0.53631299999743, -0.10071799999996961, 0.03926133134156158], [0.5377836756225459, -0.10066086575587647, 0.25], [0.55, 0.22, 0.25], [0.55, 0.22, 0.10400000000000001], [0.55, 0.22, 0.04400000000000001], [0.551242448447215, 0.2198245902805172, 0.25], [0.42433999999546046, -0.029337799995322322, 0.25], [0.42433999999546046, -0.029337799995322322, 0.09989224457978381], [0.42433999999546046, -0.029337799995322322, 0.03989224457978381], [0.42663669622174005, -0.02933899450937854, 0.25], [0.5363129999958386, -0.10071799999995082, 0.25], [0.5363129999958386, -0.10071799999995082, 0.104], [0.5363129999958386, -0.10071799999995082, 0.044], [0.5378414802941845, -0.10066998595501386, 0.25], [0.5505476659592594, 0.22017025120887712, 0.25], [0.5505476659592594, 0.22017025120887712, 0.0998922445797838], [0.5505476659592594, 0.22017025120887712, 0.0398922445797838], [0.551713194972899, 0.21995237382258165, 0.25], [0.42433999999691396, -0.029337799996820114, 0.25], [0.42433999999691396, -0.029337799996820114, 0.104], [0.42433999999691396, -0.029337799996820114, 0.044]], "final_object_positions": {"cube_red": [0.4259851183865951, -0.02965218579220506], "cube_yellow": [0.5749129999942326, 0.09032400000006804], "cube_blue": [0.5367607711690102, -0.10061977684247507]}, "held_object": null, "obstacle_objects": [], "path_diagnostics": {"direct_path_clear": null, "target_region_clear": null, "minimum_clearance": null, "required_clearance": null}, "collision_diagnostics": null, "grasp_diagnostics": [{"robot": "franka_fr3", "robot_model_path": "/home/ezrayang/projects/vgarm/third_party/mujoco_menagerie/franka_fr3/fr3.xml", "attachment_site_name": "attachment_site", "object_grab_site_name": "cube_red_grab", "target_tcp_position": [0.5363129999942327, -0.10071799999993195, 0.03989224457978381], "actual_tcp_position": [0.5371584040231342, -0.10070122820108102, 0.04363231836190354], "position_error_vector": [-0.0008454040289015419, -1.677179885092861e-05, -0.0037400737821197266], "position_error_norm": 0.003834467519880565, "target_orientation": [[0.7071526122936591, 0.7070158219946349, -0.007988139677127044], [0.7070371079590106, -0.7071764126476425, -0.000222179580420766], [-0.005806108439280621, -0.005490796304595686, -0.9999680696205899]], "actual_orientation": [[0.7073804325133165, 0.7067303946542057, -0.012044624078019926], [0.706779890929783, -0.707433490312449, -0.0002063046948241722], [-0.008666572249407116, -0.008366962187898924, -0.9999274396020889]], "orientation_error": 0.004072900358272076, "joint_positions": [-0.1760582614771517, 0.7754177063054319, -0.007537032142768067, -2.10269182241822, 0.010664996173612117, 2.8662704456951227, -0.9766895954766338], "joint_limits": [[-2.7437, 2.7437], [-1.7837, 1.7837], [-2.9007, 2.9007], [-3.0421, -0.1518], [-2.8065, 2.8065], [0.5445, 4.5169], [-3.0159, 3.0159]], "at_joint_limit": false, "ik_iterations": 3, "ik_stopping_reason": "converged", "position_task_weight": 1.0, "orientation_task_weight": 0.35, "damping": 0.04}, {"robot": "franka_fr3", "robot_model_path": "/home/ezrayang/projects/vgarm/third_party/mujoco_menagerie/franka_fr3/fr3.xml", "attachment_site_name": "attachment_site", "object_grab_site_name": "cube_blue_grab", "target_tcp_position": [0.42433999999546046, -0.02933779999532232, 0.03989224457978381], "actual_tcp_position": [0.42572097932852226, -0.02934018410299376, 0.04412961808008231], "position_error_vector": [-0.0013809793330618048, 2.384107671442315e-06, -0.0042373735002985], "position_error_norm": 0.004456730167212861, "target_orientation": [[0.7071526122936591, 0.7070158219946349, -0.007988139677127044], [0.7070371079590106, -0.7071764126476425, -0.000222179580420766], [-0.005806108439280621, -0.005490796304595686, -0.9999680696205899]], "actual_orientation": [[0.7071954284980999, 0.7068970623958948, -0.013083160453102007], [0.7069555658294422, -0.707257931603192, -0.00021477231240073832], [-0.009404990917613668, -0.009097327103462349, -0.9999143887280604]], "orientation_error": 0.005096571734132995, "joint_positions": [-0.0671532612931855, 0.6450817179361863, -0.0017772604803034762, -2.4920493335847675, -0.0024120769152161446, 3.1240921765978142, -0.8513541300817794], "joint_limits": [[-2.7437, 2.7437], [-1.7837, 1.7837], [-2.9007, 2.9007], [-3.0421, -0.1518], [-2.8065, 2.8065], [0.5445, 4.5169], [-3.0159, 3.0159]], "at_joint_limit": false, "ik_iterations": 3, "ik_stopping_reason": "converged", "position_task_weight": 1.0, "orientation_task_weight": 0.35, "damping": 0.04}, {"robot": "franka_fr3", "robot_model_path": "/home/ezrayang/projects/vgarm/third_party/mujoco_menagerie/franka_fr3/fr3.xml", "attachment_site_name": "attachment_site", "object_grab_site_name": "cube_red_grab", "target_tcp_position": [0.5505476659592594, 0.22017025120887712, 0.0398922445797838], "actual_tcp_position": [0.5512014854115264, 0.22005399106435927, 0.04428879405661214], "position_error_vector": [-0.000653819452266946, 0.00011626014451784905, -0.00439654947682834], "position_error_norm": 0.004446419188466773, "target_orientation": [[0.7071526122936591, 0.7070158219946349, -0.007988139677127044], [0.7070371079590106, -0.7071764126476425, -0.000222179580420766], [-0.005806108439280621, -0.005490796304595686, -0.9999680696205899]], "actual_orientation": [[0.7066080987881391, 0.7075068055189205, -0.011794696749875171], [0.7075533655676184, -0.7066598445450591, -0.0003146132339247416], [-0.00855742957583098, -0.008123069122146487, -0.9999303906508139]], "orientation_error": 0.0038774527654385858, "joint_positions": [0.3620593573684793, 0.8463097898582315, 0.015848598766258114, -1.926502550909892, -0.021209159035314458, 2.761571891149971, -0.3936623358595738], "joint_limits": [[-2.7437, 2.7437], [-1.7837, 1.7837], [-2.9007, 2.9007], [-3.0421, -0.1518], [-2.8065, 2.8065], [0.5445, 4.5169], [-3.0159, 3.0159]], "at_joint_limit": false, "ik_iterations": 3, "ik_stopping_reason": "converged", "position_task_weight": 1.0, "orientation_task_weight": 0.35, "damping": 0.04}], "object_geometry": {"cube_red": {"geom_type": "box", "size_xyz": [0.02, 0.02, 0.02], "footprint_half_extents": [0.02, 0.02]}, "cube_yellow": {"geom_type": "box", "size_xyz": [0.02, 0.02, 0.02], "footprint_half_extents": [0.02, 0.02]}, "cube_blue": {"geom_type": "box", "size_xyz": [0.02, 0.02, 0.02], "footprint_half_extents": [0.02, 0.02]}}, "parse_success": true, "pick_attempted": true, "pick_success": true, "place_attempted": true, "place_success": true, "task_success": true, "failure_stage": null, "failure_reason": null, "failure_category": null, "verification": {"predicate": "swap", "passed": true, "measured_value": 0.0016748889349466824, "required_margin": 0.04, "details": {"first_error": 0.0016748889349466824, "second_error": 0.0004584177267384008}}, "traceback": null}
{"episode_id": 4, "episode_seed": 46, "robot": "franka_fr3", "task_id": "move_red_left", "instruction": "把红色方块移到左边", "scene": "/home/ezrayang/projects/vgarm/examples/basic_scene.json", "program_version": "0.2.0", "started_at": "2026-07-23T09:57:56.142493+00:00", "duration_seconds": 10.714078978000543, "object_positions": {"cube_red": [0.5732960845871493, -0.10600033624173923, 0.03], "cube_yellow": [0.6053172109664539, 0.12158720041256568, 0.03], "cube_blue": [0.43371235220187604, 0.0009430370414111877, 0.03]}, "initial_object_positions": {"cube_red": [0.5732959999958386, -0.10599999999995081], "cube_yellow": [0.6053169999958468, 0.12158700000020846], "cube_blue": [0.4337119999969138, 0.0009430370031790277]}, "planned_target_position": [0.55, 0.15, 0.044], "original_target_position": [0.55, 0.15], "transport_waypoints": [[0.5554907299139339, -2.394794846136373e-05, 0.6205821174470505], [0.57329599999743, -0.1059999999999696, 0.6205821174470505], [0.57329599999743, -0.1059999999999696, 0.09926133134156158], [0.57329599999743, -0.1059999999999696, 0.03926133134156158], [0.5744423960613352, -0.10590373415416747, 0.25], [0.55, 0.15, 0.25], [0.55, 0.15, 0.104], [0.55, 0.15, 0.044]], "final_object_positions": {"cube_red": [0.550631714410378, 0.15021468103019064], "cube_yellow": [0.6053169999942439, 0.1215870000002889], "cube_blue": [0.4337119999954603, 0.0009430370046767495]}, "held_object": null, "obstacle_objects": [], "path_diagnostics": {"direct_path_clear": true, "target_region_clear": true, "minimum_clearance": 0.01531721096645381, "required_clearance": 0.005}, "collision_diagnostics": null, "grasp_diagnostics": [{"robot": "franka_fr3", "robot_model_path": "/home/ezrayang/projects/vgarm/third_party/mujoco_menagerie/franka_fr3/fr3.xml", "attachment_site_name": "attachment_site", "object_grab_site_name": "cube_red_grab", "target_tcp_position": [0.5732959999942326, -0.10599999999993194, 0.03989224457978381], "actual_tcp_position": [0.5739422899017522, -0.10595760954548825, 0.043658107975784774], "position_error_vector": [-0.0006462899075195816, -4.239045444369427e-05, -0.0037658633960009624], "position_error_norm": 0.0038211535840017626, "target_orientation": [[0.7071526122936591, 0.7070158219946349, -0.007988139677127044], [0.7070371079590106, -0.7071764126476425, -0.000222179580420766], [-0.005806108439280621, -0.005490796304595686, -0.9999680696205899]], "actual_orientation": [[0.7073856296830627, 0.7067311752875259, -0.011688318724580458], [0.7067777861913588, -0.7074355948525726, -0.00020020496261203159], [-0.008410223798275242, -0.008119421918915005, -0.9999316692271347]], "orientation_error": 0.0037184587353044046, "joint_positions": [-0.17269775303888968, 0.8315034709505446, -0.008612719222517278, -1.9642723903129937, 0.011698037802938705, 2.7842675718546808, -0.9744541298048237], "joint_limits": [[-2.7437, 2.7437], [-1.7837, 1.7837], [-2.9007, 2.9007], [-3.0421, -0.1518], [-2.8065, 2.8065], [0.5445, 4.5169], [-3.0159, 3.0159]], "at_joint_limit": false, "ik_iterations": 3, "ik_stopping_reason": "converged", "position_task_weight": 1.0, "orientation_task_weight": 0.35, "damping": 0.04}], "object_geometry": {"cube_red": {"geom_type": "box", "size_xyz": [0.02, 0.02, 0.02], "footprint_half_extents": [0.02, 0.02]}, "cube_yellow": {"geom_type": "box", "size_xyz": [0.02, 0.02, 0.02], "footprint_half_extents": [0.02, 0.02]}, "cube_blue": {"geom_type": "box", "size_xyz": [0.02, 0.02, 0.02], "footprint_half_extents": [0.02, 0.02]}}, "parse_success": true, "pick_attempted": true, "pick_success": true, "place_attempted": true, "place_success": true, "task_success": true, "failure_stage": null, "failure_reason": null, "failure_category": null, "verification": {"predicate": "left_of", "passed": true, "measured_value": 0.15021468103019064, "required_margin": 0.05, "details": {}}, "traceback": null}
{"episode_id": 5, "episode_seed": 47, "robot": "franka_fr3", "task_id": "place_blue_right_of_red", "instruction": "把蓝色方块放在红色方块右边", "scene": "/home/ezrayang/projects/vgarm/examples/basic_scene.json", "program_version": "0.2.0", "started_at": "2026-07-23T09:58:06.857056+00:00", "duration_seconds": 10.961506356999962, "object_positions": {"cube_red": [0.541110775349673, -0.10418882524059413, 0.03], "cube_yellow": [0.5972202518153744, 0.0906081844526952, 0.03], "cube_blue": [0.45074666189546453, -0.006455075912671689, 0.03]}, "initial_object_positions": {"cube_red": [0.5411109999958387, -0.10418899999995083], "cube_yellow": [0.5972199999958386, 0.09060820000004917], "cube_blue": [0.45074699999689816, -0.006455079996897044]}, "planned_target_position": [0.5411109999958387, -0.2541889999999508, 0.044], "original_target_position": [0.5411109999958387, -0.2541889999999508], "transport_waypoints": [[0.5554907299139339, -2.394794846136373e-05, 0.6205821174470505], [0.45074699999833784, -0.0064550799983372886, 0.6205821174470505], [0.45074699999833784, -0.0064550799983372886, 0.09926133134156158], [0.45074699999833784, -0.0064550799983372886, 0.03926133134156158], [0.45286406016875375, -0.006454984481236179, 0.25], [0.5411109999958387, -0.2541889999999508, 0.25], [0.5411109999958387, -0.2541889999999508, 0.104], [0.5411109999958387, -0.2541889999999508, 0.044]], "final_object_positions": {"cube_red": [0.5411109999942327, -0.10418899999993197], "cube_yellow": [0.5972199999942327, 0.09060820000006803], "cube_blue": [0.5418069466556857, -0.25410506714409986]}, "held_object": null, "obstacle_objects": [], "path_diagnostics": {"direct_path_clear": false, "target_region_clear": true, "minimum_clearance": 0.11000017475935667, "required_clearance": 0.005}, "collision_diagnostics": null, "grasp_diagnostics": [{"robot": "franka_fr3", "robot_model_path": "/home/ezrayang/projects/vgarm/third_party/mujoco_menagerie/franka_fr3/fr3.xml", "attachment_site_name": "attachment_site", "object_grab_site_name": "cube_blue_grab", "target_tcp_position": [0.4507469999954375, -0.006455079995435489, 0.03989224457978381], "actual_tcp_position": [0.45200719700215913, -0.006460888995365067, 0.043528177371659024], "position_error_vector": [-0.0012601970067216417, 5.808999929577882e-06, -0.0036359327918752127], "position_error_norm": 0.0038481342891411477, "target_orientation": [[0.7071526122936591, 0.7070158219946349, -0.007988139677127044], [0.7070371079590106, -0.7071764126476425, -0.000222179580420766], [-0.005806108439280621, -0.005490796304595686, -0.9999680696205899]], "actual_orientation": [[0.7071397790325196, 0.7069573530271773, -0.012830974656826344], [0.7070135201705434, -0.7071999949712253, -0.00022228079820904752], [-0.009231208257514155, -0.008914488964813116, -0.9999176549499467]], "orientation_error": 0.004843190745882544, "joint_positions": [-0.01367261129839806, 0.6675021829838764, -0.0005966085914777854, -2.415015439681542, -0.0004790023777348958, 3.069690627633407, -0.7989332851120428], "joint_limits": [[-2.7437, 2.7437], [-1.7837, 1.7837], [-2.9007, 2.9007], [-3.0421, -0.1518], [-2.8065, 2.8065], [0.5445, 4.5169], [-3.0159, 3.0159]], "at_joint_limit": false, "ik_iterations": 3, "ik_stopping_reason": "converged", "position_task_weight": 1.0, "orientation_task_weight": 0.35, "damping": 0.04}], "object_geometry": {"cube_red": {"geom_type": "box", "size_xyz": [0.02, 0.02, 0.02], "footprint_half_extents": [0.02, 0.02]}, "cube_yellow": {"geom_type": "box", "size_xyz": [0.02, 0.02, 0.02], "footprint_half_extents": [0.02, 0.02]}, "cube_blue": {"geom_type": "box", "size_xyz": [0.02, 0.02, 0.02], "footprint_half_extents": [0.02, 0.02]}}, "parse_success": true, "pick_attempted": true, "pick_success": true, "place_attempted": true, "place_success": true, "task_success": true, "failure_stage": null, "failure_reason": null, "failure_category": null, "verification": {"predicate": "right_of", "passed": true, "measured_value": 0.14991606714416789, "required_margin": 0.05, "details": {}}, "traceback": null}
{"episode_id": 6, "episode_seed": 48, "robot": "franka_fr3", "task_id": "place_red_left_of_blue", "instruction": "把红色方块放在蓝色方块左边", "scene": "/home/ezrayang/projects/vgarm/examples/basic_scene.json", "program_version": "0.2.0", "started_at": "2026-07-23T09:58:17.819088+00:00", "duration_seconds": 10.940525054999853, "object_positions": {"cube_red": [0.5528894697049799, -0.12208651219744747, 0.03], "cube_yellow": [0.6126928105360815, 0.08813500335506894, 0.03], "cube_blue": [0.47629951648651625, -0.018436899164080214, 0.03]}, "initial_object_positions": {"cube_red": [0.5528889999958483, -0.1220870000001426], "cube_yellow": [0.6126929999958387, 0.08813500000004915], "cube_blue": [0.4762999999968979, -0.018436899996897044]}, "planned_target_position": [0.4762999999968979, 0.13156310000310295, 0.04400000000000001], "original_target_position": [0.4762999999968979, 0.13156310000310295], "transport_waypoints": [[0.5554907299139339, -2.394794846136373e-05, 0.6205821174470505], [0.5528889999974358, -0.12208700000008806, 0.6205821174470505], [0.5528889999974358, -0.12208700000008806, 0.09926133134156158], [0.5528889999974358, -0.12208700000008806, 0.03926133134156158], [0.5542019492715692, -0.1219955878772353, 0.25], [0.4762999999968979, 0.13156310000310295, 0.25], [0.4762999999968979, 0.13156310000310295, 0.10400000000000001], [0.4762999999968979, 0.13156310000310295, 0.04400000000000001]], "final_object_positions": {"cube_red": [0.4776436259436025, 0.1318292768908278], "cube_yellow": [0.6126929999942328, 0.088135000000068], "cube_blue": [0.47629999999543715, -0.018436899995435508]}, "held_object": null, "obstacle_objects": [], "path_diagnostics": {"direct_path_clear": false, "target_region_clear": true, "minimum_clearance": 0.09639281053918355, "required_clearance": 0.005}, "collision_diagnostics": null, "grasp_diagnostics": [{"robot": "franka_fr3", "robot_model_path": "/home/ezrayang/projects/vgarm/third_party/mujoco_menagerie/franka_fr3/fr3.xml", "attachment_site_name": "attachment_site", "object_grab_site_name": "cube_red_grab", "target_tcp_position": [0.5528889999942463, -0.12208700000019762, 0.03989224457978381], "actual_tcp_position": [0.5536358052794318, -0.12205358711627225, 0.04364406925945019], "position_error_vector": [-0.0007468052851854479, -3.341288392537389e-05, -0.0037518246796663796], "position_error_norm": 0.0038255748563773865, "target_orientation": [[0.7071526122936591, 0.7070158219946349, -0.007988139677127044], [0.7070371079590106, -0.7071764126476425, -0.000222179580420766], [-0.005806108439280621, -0.005490796304595686, -0.9999680696205899]], "actual_orientation": [[0.707429201905574, 0.7066844017741646, -0.011877734646484183], [0.7067326122475676, -0.7074807256101251, -0.00019410280441172195], [-0.008540437750517545, -0.008257068442280593, -0.9999294383824128]], "orientation_error": 0.003913540336525852, "joint_positions": [-0.20556715959373462, 0.8052682958622643, -0.009641617996556499, -2.0279278410874895, 0.013540049287988425, 2.82157487245101, -1.010035992796551], "joint_limits": [[-2.7437, 2.7437], [-1.7837, 1.7837], [-2.9007, 2.9007], [-3.0421, -0.1518], [-2.8065, 2.8065], [0.5445, 4.5169], [-3.0159, 3.0159]], "at_joint_limit": false, "ik_iterations": 3, "ik_stopping_reason": "converged", "position_task_weight": 1.0, "orientation_task_weight": 0.35, "damping": 0.04}], "object_geometry": {"cube_red": {"geom_type": "box", "size_xyz": [0.02, 0.02, 0.02], "footprint_half_extents": [0.02, 0.02]}, "cube_yellow": {"geom_type": "box", "size_xyz": [0.02, 0.02, 0.02], "footprint_half_extents": [0.02, 0.02]}, "cube_blue": {"geom_type": "box", "size_xyz": [0.02, 0.02, 0.02], "footprint_half_extents": [0.02, 0.02]}}, "parse_success": true, "pick_attempted": true, "pick_success": true, "place_attempted": true, "place_success": true, "task_success": true, "failure_stage": null, "failure_reason": null, "failure_category": null, "verification": {"predicate": "left_of", "passed": true, "measured_value": 0.15026617688626331, "required_margin": 0.05, "details": {}}, "traceback": null}
{"episode_id": 7, "episode_seed": 49, "robot": "franka_fr3", "task_id": "move_red_left", "instruction": "把红色方块移到左边", "scene": "/home/ezrayang/projects/vgarm/examples/basic_scene.json", "program_version": "0.2.0", "started_at": "2026-07-23T09:58:28.760154+00:00", "duration_seconds": 10.8485096229997, "object_positions": {"cube_red": [0.5240130385805651, -0.10520543101430445, 0.03], "cube_yellow": [0.5766302840367683, 0.11512668768511206, 0.03], "cube_blue": [0.4506771065925391, -0.02701956033116816, 0.03]}, "initial_object_positions": {"cube_red": [0.5240129999958386, -0.10520499999995082], "cube_yellow": [0.5766299999958385, 0.11512700000004918], "cube_blue": [0.4506769999969138, -0.027019599996820964]}, "planned_target_position": [0.53, 0.15, 0.04400000000000001], "original_target_position": [0.55, 0.15], "transport_waypoints": [[0.5554907299139339, -2.394794846136373e-05, 0.6205821174470505], [0.5240129999974299, -0.10520499999996961, 0.6205821174470505], [0.5240129999974299, -0.10520499999996961, 0.09926133134156158], [0.5240129999974299, -0.10520499999996961, 0.03926133134156158], [0.5255760464797895, -0.10515799079599128, 0.25], [0.53, 0.15, 0.25], [0.53, 0.15, 0.10400000000000001], [0.53, 0.15, 0.04400000000000001]], "final_object_positions": {"cube_red": [0.5306182441174158, 0.15015534294469143], "cube_yellow": [0.5766299999942326, 0.11512700000006805], "cube_blue": [0.4506769999954603, -0.02701959999532355]}, "held_object": null, "obstacle_objects": ["cube_yellow"], "path_diagnostics": {"direct_path_clear": true, "target_region_clear": false, "minimum_clearance": 0.006630284036768276, "required_clearance": 0.005}, "collision_diagnostics": null, "grasp_diagnostics": [{"robot": "franka_fr3", "robot_model_path": "/home/ezrayang/projects/vgarm/third_party/mujoco_menagerie/franka_fr3/fr3.xml", "attachment_site_name": "attachment_site", "object_grab_site_name": "cube_red_grab", "target_tcp_position": [0.5240129999942327, -0.10520499999993195, 0.03989224457978381], "actual_tcp_position": [0.5249157701536988, -0.10519461798020019, 0.04362131769934478], "position_error_vector": [-0.0009027701594661597, -1.0382019731761116e-05, -0.0037290731195609716], "position_error_norm": 0.003836807016021064, "target_orientation": [[0.7071526122936591, 0.7070158219946349, -0.007988139677127044], [0.7070371079590106, -0.7071764126476425, -0.000222179580420766], [-0.005806108439280621, -0.005490796304595686, -0.9999680696205899]], "actual_orientation": [[0.707394224164498, 0.706714633501757, -0.01215888206961279], [0.7067650851004864, -0.7074482820121276, -0.00020678730329983918], [-0.008747919844600004, -0.008447193176671815, -0.9999260566791056]], "orientation_error": 0.004188584320112633, "joint_positions": [-0.18829903064276024, 0.7601207095893227, -0.007570021844691327, -2.1423289743194864, 0.010751563184405077, 2.8905296708687187, -0.9891632116760257], "joint_limits": [[-2.7437, 2.7437], [-1.7837, 1.7837], [-2.9007, 2.9007], [-3.0421, -0.1518], [-2.8065, 2.8065], [0.5445, 4.5169], [-3.0159, 3.0159]], "at_joint_limit": false, "ik_iterations": 3, "ik_stopping_reason": "converged", "position_task_weight": 1.0, "orientation_task_weight": 0.35, "damping": 0.04}], "object_geometry": {"cube_red": {"geom_type": "box", "size_xyz": [0.02, 0.02, 0.02], "footprint_half_extents": [0.02, 0.02]}, "cube_yellow": {"geom_type": "box", "size_xyz": [0.02, 0.02, 0.02], "footprint_half_extents": [0.02, 0.02]}, "cube_blue": {"geom_type": "box", "size_xyz": [0.02, 0.02, 0.02], "footprint_half_extents": [0.02, 0.02]}}, "parse_success": true, "pick_attempted": true, "pick_success": true, "place_attempted": true, "place_success": true, "task_success": true, "failure_stage": null, "failure_reason": null, "failure_category": null, "verification": {"predicate": "left_of", "passed": true, "measured_value": 0.15015534294469143, "required_margin": 0.05, "details": {}}, "traceback": null}
